33.1
41.3
41.1
28.4
27.9
30.7
22.6
31.9
34
37.6
37.7
40.2
42.7
43.2
42.4
28.9
28.3
20.3
21.6
24.8
24.8
25.1
38.4
48.7
52.3
48.5
48.2
37.5
30.7
33.4
22.9
27
22.9
31.3
35.3
43.4
38.5
41.2
43.9
33
29.3
28.4
23.9
24.4
25.4
35.2
30.1
47.5
47.9
44.4
37.2
35.2
30.2
26.5
23.6
23.3
30.3
37.2
40.2
42.8
53
48.8
38.1
31.5
31.7
26.4
25.4
22.1
21.7
31.2
41.5
47.7
48.9
44
35.7
42.4
36.4
24.4
23.1
17
26.4
32
32.4
45.9
42.7
45.6
37.8
36.8
29.5
25.5
27.1
24.4
22.6
28.8
37.4
39.7
45.6
45.6
40
34.7
28.8
26.5
27.2
25.2
30.4
28.3
32.5
44.3
46.6
41.1
43.6
30.8
27
32.3
27
19.7
26
31.5
37.4
34.8
45.2
34.4
35.3
33.9
25.8
22.1
25.3
21.9
30.2
25.6
37.7
43.9
41.4
38.6
32.2
31.5
29.1
29.1
27.3
24.4
27.2
38.6
34.1
37.2
38.2
48
36.8
34.5
23.1
28.2
25.5
22.2
31.7
29.8
32.4
45.9
38.8
36.2
47.2
36.5
26.5
22
24.5
31
30.9
33.3
34.2
38.9
37.5
33
47.3
31.9
26.3
21.7
20.9
23.7
29.9
37.6
39.8
42
29.2
46.4
39.7
31.4
33.7
27.4
29.4
26.4
24.7
28.5
32.1
42.8
44.1
34.5
30.6
39.6
30.4
27.2
28.7
23
30.1
28.3
41.1
46
39
44.3
28.1
31.6
28.1
29.6
25.2
28.7
31.5
36.4
44.3
40.9
48.8
42.5
42.6
31.7
28.3
26.8
21.2
26.2
26.5
34.8
36.7
36.6
44.8
42.1
38.5
36.4
22.7
26.6
26.4
22.9
21.4
41.6
45.1
42
43.1
34.8
35.9
30
28.6
28.3
21.9
23.2
22.9
29.1
29.7
34.6
52.5
37.1
38.6
37.6
27.6
24.2
24.5
19
27.6
34.6
25.3
36.2
38.5
48.8
40.6
35.8
25.9
23.3
23
26.4
23.8
32.9
36.6
39.8
49.9
42.3
37.8
30.1
32.8
29.6
21.9
26.7
27.8
32.1
38.1
36.1
44
45
34.8
28.4
27.7
27.1
26.7
29.1
25.3
36.9
35.4
36.1
37.9
37
36.4
24.2
28.9
25.8
28.5
28.2
28.4
36.8
31
33.5
42.3
42
30.7
32.9
33.8
24.1
19.3
20.7
26.4
29.2
35.3
40.7
39.5
44.1
35.5
29.9
20
26.5
27.1
31.2
23.6
30.8
39.4
47.1
40.3
38.3
41.6
38.8
35.2
25.5
23.5
29.3
24.6
35.5
33.8
30.6
44.7
45.7
39.3
37.6
28.2
22
22.7
26
32.7
24.4
29.2
40.3
45.9
39.4
39.2
28.7
24.7
28.1
29.7
35.6
27.3
29
31.8
44.5
49.2
50.2
38
33.5
24.3
24.9
22.7
26.1
31.2
29
32.8
43.9
53.5
38.5
31.5
40.2
24.1
27
22.1
23.7
32.3
28.4
46.9
37.7
50.2
42
50.4
40.1
32.3
25.4
25.8
22.2
26.3
36.7
36
41.6
44.5
45.5
44.2
33.6
21.9
23.1
24.7
25
27.7
34.3
40.6
39.5
41.5
48.7
42.9
39
32.2
25
22.1
24.1
30.3
35.8
47.8
50.6
45.1
42.2
43.8
37.6
30.7
24.9
31.7
28.3
25.4
31.5
33.9
41.3
41.6
37.5
45.9
37.7
27.5
29.4
24
22.6
27.5
31.5
33.9
48.9
38.6
41.6
34.9
29.5
25.3
20.6
18.2
25.5
28.1
29.4
33.7
40.9
44.1
31.9
37.7
29.6
26.7
23.7
26
28.8
39.6
40.5
49.8
53.4
43.2
45.6
37.8
47.7
29.8
30.8
28
18
30.4
31.9
41.1
33.9
54.4
50.4
44.5
52.7
18.1
27.8
29.4
29.2
22.1
27.7
43.1
46.5
39.4
38.2
38.2
32.4
28.1
27
32.8
25.7
28.9
33.4
44.6
50.3
34
36.8
42.5
28.7
33.8
32.8
28.3
17.6
31.5
29.5
40.4
50.3
51
45.8
48.5
38.9
29.2
31.9
27.3
23.7
30
41.1
39.4
48.9
52.6
34.7
42.7
23.9
29.6
39.1
28.9
29.4
32.6
35.2
46.7
47.1
46
54
35.5
30
33.6
33.3
24.4
28.1
33.7
33.9
41.7
42.3
49.6
46
48.2
32.8
26.3
33.2
22.7
28.3
39.7
36.8
50.2
51.8
54.3
42.1
40.5
34.4
30.7
25.7
22.9
26.6
28.3
35.3
46.9
50.3
52.8
54.5
45.6
39.4
27.6
25.1
25.4
20.4
27.2
39.3
51.2
48.7
48.3
44.1
37.3
32.1
34
32.9
28.3
28.8
32
37
35.2
49.4
49
45.9
40.7
31.6
18.4
26.6
26
27.3
27.8
31.1
30.9
46.7
45.1
40.3
33
26.4
30.9
31.6
28.2
18.4
30.7
38.4
44.4
39.9
50.5
48.9
41.1
45.1
34
29.9
24.4
26.6
34.4
29.9
49.7
44.8
43
49
31.9
32.9
28.3
21
23.8
25.6
26.5
37.4
39.9
43.7
43.6
43.4
39.5
37.7
31
24
29.2
19.5
24.7
41.2
34
39.9
57.7
49.2
49.2
40.5
42.1
28.3
29.9
23.2
29.7
33.2
40
45
35.7
31
32.2
27.5
27.2
23.7
24.2
19
30.4
37.3
41.2
46.2
45
34
41.5
28.9
21.4
17.2
26.5
21.2
20.1
36.6
43.3
41
43.5
43
32.9
30.9
24.6
26.8
21.3
19.9
23.9
29
24
45.2
32.7
51.5
37.1
29.9
22.1
21.4
20.6
18
19
33.4
40.1
38.8
46.3
43.7
45.3
36
35.6
25.7
27.8
21.4
28.4
33
36.8
45.2
44.6
49.3
43.4
32.6
20
25.1
26.7
27
22.5
35.7
43.1
49.4
51.6
49.5
36.9
40.2
32
32.6
18.4
22.2
24.2
24.9
41.2
43.1
41.1
30.4
35.6
32.5
22.7
17.3
17.4
23.2
34.8
36
45.4
40.8
44
50
41.5
37.4
32.8
25.7
25.8
29.6
27.1
38.3
35.2
48.4
51.8
52.2
48.8
37
32.8
32.5
25
26.8
32.7
37.3
40.1
45
45.7
40.2
45.7
32.3
29.3
26.1
24.7
21.1
26.5
34
34.3
50
48.2
43.9
36.4
35.2
33.2
21.7
24.7
25.1
23.9
32.6
32.9
45.3
36.6
36.4
34.7
33.3
32.5
29.8
29.2
27.6
34.7
38.8
35
30.1
37
48.3
40
42.2
26.8
27
29.4
26.1
26.2
36.9
42.3
44.9
47.6
47.2
37.9
37.9
26.6
26.3
26.4
24.1
26.8
39
32
43.1
52.9
38.9
36.1
36.8
27.3
30
24.7
26.4
30.1
32.1
46
45.8
46.2
41.4
42.6
38.3
29.2
22.5
27.7
21.4
28.6
35.1
44.9
40
49.1
42.4
46.1
40.9
33.4
28.5
27.3
22.3
23.4
38.2
42
41.8
44.5
44.1
42.3
34.2
29
30.6
27
30.1
26.5
34.2
34.5
49.1
46
48.8
43.2
37.9
30.4
34.7
25.1
27.8
24
39.7
42.2
44
48.3
49.8
36.3
35.7
33.5
28.5
24.5
26.1
26.1
42.1
42.7
44.8
48.8
55.3
45.2
43.3
32.8
30.4
25.6
26.9
31
35.5
42.8
44.9
44.4
46.7
41.9
40.6
34
23.2
26.3
30.8
32.5
35.8
45.2
42.7
35.5
41.4
47
33.8
31.3
33.9
24.7
23.2
32
28.2
40.1
47.2
